Sample	Library	End	Std	Pos	A	C	G	T	Total	G>A	C>T	A>G	T>C	A>C	A>T	C>G	C>A	T>G	T>A	G>C	G>T	A>-	T>-	C>-	G>-	->A	->T	->C	->G	S
*	*	3p	+	1	1803600	1596195	1550052	2494481	7444328	26740	23221	19061	17899	7869	25333	4438	6682	6949	8895	4135	15785	0	0	0	0	0	0	0	0	1054994
*	*	3p	+	2	2358468	1316103	1458944	2311218	7444733	21735	13409	13676	12750	4770	6935	3032	6405	5123	7810	2573	5729	0	0	0	0	0	0	0	0	1054819
*	*	3p	+	3	2540245	1273014	1400568	2231155	7444982	21613	10719	12562	10989	4574	5764	2570	6042	4699	6121	2194	5167	0	0	0	0	0	0	0	0	1029097
*	*	3p	+	4	2454917	1287028	1451029	2251187	7444161	17120	10598	11385	10263	4059	4790	2575	5553	4004	5645	2123	4522	189	365	227	254	397	278	225	388	996113
*	*	3p	+	5	2429110	1297506	1431211	2286484	7444311	16151	9771	10889	9377	3763	5002	2513	5421	3974	5278	1800	4513	403	505	273	376	457	399	254	341	954966
*	*	3p	+	6	2405180	1316475	1445776	2276871	7444302	22806	17035	17908	16728	6954	10448	8630	8531	6053	9796	3472	7957	553	627	420	421	492	552	283	418	908648
*	*	3p	+	7	2425965	1306828	1437004	2274734	7444531	20804	15913	14930	14807	6021	8576	3303	7867	5698	8860	2976	7054	685	645	410	375	553	569	303	324	883322
*	*	3p	+	8	2441879	1264488	1462179	2276165	7444711	19943	15373	15418	13081	5099	8140	3133	7515	5583	8593	2933	6871	635	700	450	476	574	577	265	379	852128
*	*	3p	+	9	2483821	1295005	1448918	2216311	7444055	21072	14418	15379	13218	5210	8924	2692	7462	5640	8544	2510	6617	1047	1019	573	651	940	826	401	474	822046
*	*	3p	+	10	2422961	1305592	1428496	2286807	7443856	17821	15714	14413	13733	4848	7448	2471	7391	5371	8094	2491	6419	1308	1316	754	663	982	973	446	670	793090
*	*	3p	+	11	2427920	1293196	1449019	2273332	7443467	19786	15478	15745	13484	5460	8485	2637	7455	5446	8348	2618	7215	1383	1347	788	871	1140	1153	487	681	762183
*	*	3p	+	12	2439386	1311925	1427769	2264082	7443162	20809	15794	15606	13358	5408	8627	2945	7691	5361	8416	2672	7060	1541	1393	744	918	1402	1239	522	606	738397
*	*	3p	+	13	2411541	1306653	1418011	2306730	7442935	18098	15151	14147	12922	4999	7672	3087	7126	5070	8142	2497	6711	1546	1509	824	879	1508	1394	500	578	714222
*	*	3p	+	14	2391600	1310996	1441070	2298752	7442418	18042	14819	13815	12101	5581	8243	2943	7240	5094	7478	2558	6835	1810	1600	893	931	1810	1498	554	618	689656
*	*	3p	+	15	2440508	1299453	1421477	2280619	7442057	18962	13979	14392	11903	4774	7789	2541	7293	5366	7467	2538	6369	2314	1821	840	1088	1885	1610	626	710	666433
*	*	3p	+	16	2394303	1303038	1428255	2316260	7441856	17621	15484	13676	12274	4874	7688	2807	6882	5366	7975	2755	6619	1909	1915	875	1091	1963	1700	629	743	642896
*	*	3p	+	17	2423723	1293273	1417256	2307383	7441635	17912	14579	13834	12377	4732	7735	2801	7005	4912	7437	2431	6391	2063	1892	907	1093	2067	1885	597	688	622097
*	*	3p	+	18	2447494	1319959	1407613	2266067	7441133	18236	14457	13992	12088	4823	7806	2992	7167	4743	7123	2522	6448	2233	2097	926	1023	2261	2001	691	816	601325
*	*	3p	+	19	2388118	1336540	1421914	2294389	7440961	16492	14618	13126	11680	4784	7133	2861	6794	4737	7204	2343	6082	2090	2078	1024	1033	2437	2211	592	677	580783
*	*	3p	+	20	2397070	1338641	1415806	2289643	7441160	15809	14223	14125	11142	4526	6896	2827	7067	4694	6923	2330	6217	2076	1984	1058	1126	2293	2044	638	735	560350
*	*	3p	+	21	2426168	1326257	1404066	2284493	7440984	17568	13897	15064	11066	4727	7478	2410	6768	4753	6857	2200	6088	2190	2044	981	1140	2251	2233	655	749	540796
*	*	3p	+	22	2382531	1337978	1412570	2307232	7440311	16086	14238	12307	11077	4590	7027	3356	6799	4489	6990	2569	6261	2183	2214	1212	1170	2803	2288	680	768	522809
*	*	3p	+	23	2402698	1322542	1402262	2312868	7440370	15910	14172	12413	11745	4680	7060	3283	6790	4411	6762	2365	5874	2311	2239	1125	1197	2767	2271	736	722	504213
*	*	3p	+	24	2413271	1333981	1404188	2288905	7440345	16177	13391	13415	14322	4906	6988	3077	6963	4651	6922	2558	6184	2471	2373	1221	1352	2573	2449	737	724	486557
*	*	3p	+	25	2382766	1331938	1416980	2308734	7440418	15134	13715	12900	11195	5634	6522	2923	6610	4290	7188	2383	5667	2637	2725	1164	1394	2557	2354	712	805	468892
*	*	3p	+	26	2382518	1342085	1399289	2311599	7435491	15325	13719	11830	11404	4380	6514	2626	6344	4592	6605	2676	5866	2670	2688	1232	1224	2656	2446	737	834	451183
*	*	3p	+	27	2401328	1331732	1410339	2287018	7430417	15907	14033	12176	15302	4399	6925	2922	6837	4302	6608	2526	6292	2857	2558	1252	1290	2715	2513	750	820	434547
*	*	3p	+	28	2378094	1327614	1388105	2330828	7424641	14645	13472	11464	12217	4471	6623	2936	6008	4546	6365	2468	5946	2811	2833	1283	1291	2794	2559	902	830	418198
*	*	3p	+	29	2377535	1319732	1396443	2325061	7418771	14616	12871	12182	10674	4059	6448	3241	5982	4269	6849	2417	5784	2915	2865	1346	1434	2835	2622	806	775	402066
*	*	3p	+	30	2396269	1341240	1391844	2282603	7411956	15684	12794	11895	11259	5518	6838	3490	6175	4510	6379	2671	5736	3129	3075	1386	1540	3094	2732	749	913	386069
*	*	3p	+	31	2352179	1340527	1389916	2321538	7404160	14307	13410	11407	10853	4647	6325	2980	6659	4465	6683	2688	5699	3150	3349	1489	1513	3128	3192	790	999	370683
*	*	3p	+	32	2352903	1340640	1391025	2312058	7396626	14754	13213	11657	11030	4742	6331	2946	6045	4347	6162	2557	6037	3392	3245	1458	1392	3250	3336	934	954	355675
*	*	3p	+	33	2385987	1342067	1388068	2271847	7387969	15292	13125	13115	10679	4480	6702	2754	6107	4293	6753	2471	5975	3599	3285	1463	1590	3444	3363	912	1023	340967
*	*	3p	+	34	2325350	1349060	1383770	2322115	7380295	14390	13409	11847	10657	4268	6322	2740	5888	4990	6175	2385	5561	3418	3479	1486	1537	3448	3044	957	937	326386
*	*	3p	+	35	2341354	1327577	1387720	2316089	7372740	13927	13035	11896	10485	4127	6721	2481	6337	4753	6080	2285	5650	3517	3593	1360	1595	3220	3107	887	985	311827
*	*	3p	+	36	2355608	1343130	1381762	2277570	7358070	15951	13044	11851	11272	4367	6441	2752	5921	4399	6292	2961	5819	3797	3485	1511	1563	3473	3204	828	1013	297835
*	*	3p	+	37	2314591	1342207	1383034	2307874	7347706	13845	13463	12005	11021	4241	6019	3007	5611	4350	6337	2598	5815	3707	3721	1652	1507	3418	3322	897	994	283934
*	*	3p	+	38	2334412	1329269	1392131	2284063	7339875	14099	12905	12496	11249	4208	6072	2726	5211	4505	5981	2405	5829	3814	3863	1482	1645	3484	3197	857	1022	270632
*	*	3p	+	39	2345064	1337074	1381667	2267639	7331444	14754	13125	12343	10933	4283	6322	2632	5476	4339	5935	3209	5843	3961	3691	1571	1835	3719	3152	922	1053	257537
*	*	3p	+	40	2306388	1339050	1380259	2297522	7323219	13744	13585	11371	11022	4127	6199	2915	5334	4517	5954	2570	5596	3827	4075	1687	1783	3697	3343	891	967	244884
*	*	3p	+	41	2320317	1328350	1369261	2296802	7314730	13264	13326	12437	10604	4077	5777	2910	5371	4516	6278	2617	5479	3953	4107	1632	1603	3610	3626	952	995	232221
*	*	3p	+	42	2326541	1352192	1354094	2273059	7305886	14277	13113	12326	10695	4217	6248	2453	5411	4267	5930	2718	5468	4224	3756	1753	1800	3760	3464	998	1033	220335
*	*	3p	+	43	2283255	1349812	1360975	2302270	7296312	13062	13120	11764	10335	4032	5903	2376	5954	4427	5791	2506	5965	3965	4338	1810	1634	3731	3532	958	989	208487
*	*	3p	+	44	2288048	1331238	1360121	2307602	7287009	12782	12696	11565	10757	4057	5656	2398	5194	4442	5876	2236	5537	4243	4116	1617	1704	3651	3597	872	1048	196998
*	*	3p	+	45	2315195	1340072	1355703	2265759	7276729	16248	12938	12419	10717	4192	6220	2455	5222	4471	6043	2353	5669	4455	4005	1673	1852	3817	3463	1059	1059	186069
*	*	3p	+	46	2287691	1353833	1348419	2276262	7266205	12878	13172	11014	10611	4885	5778	2914	5494	4208	5776	2723	5339	4199	4387	1651	1698	3560	3585	977	995	175518
*	*	3p	+	47	2299245	1331379	1342896	2281652	7255172	14113	12788	11514	10493	4098	5809	2642	5183	4272	5733	2384	5068	4626	4360	1581	1577	3772	3613	884	947	165329
*	*	3p	+	48	2309191	1331482	1358638	2243577	7242888	17333	12724	13432	10600	4332	5982	3341	5409	3907	5737	2513	5307	4502	4018	1638	1973	3727	3367	1152	1088	155663
*	*	3p	+	49	2268305	1343055	1341867	2278112	7231339	12633	13581	11932	10524	4059	5657	2672	5463	4454	5834	2477	5746	4431	4620	1724	1725	3571	3603	880	1055	146607
*	*	3p	+	50	2275912	1323781	1336856	2282023	7218572	12181	12996	10862	10288	4030	5551	2462	5126	4915	5769	2487	6080	4648	4493	1658	1707	3712	3694	947	1094	137575
*	*	3p	+	51	2287369	1333385	1336968	2247394	7205116	13080	12955	11869	11064	4673	5945	2286	5489	5081	5635	2566	5295	4810	4252	1729	1923	3957	3540	1025	1016	129034
*	*	3p	+	52	2245083	1342146	1340425	2263029	7190683	12311	12937	11508	10590	4119	6023	2543	4924	4611	5740	2569	5318	4455	4848	1958	1809	3819	3765	912	1101	121139
*	*	3p	+	53	2243441	1341514	1310061	2279009	7174025	11826	13412	10922	11113	3866	5677	2473	5066	4179	5970	2415	5344	4694	4586	1826	1831	3678	3809	981	1123	113952
*	*	3p	+	54	2271241	1326438	1325629	2234501	7157809	12994	12490	12024	10408	4098	5794	2286	5003	4249	5508	2534	5358	4913	4155	1775	1975	3861	3602	994	1139	107251
*	*	3p	+	55	2225381	1331935	1312900	2270517	7140733	11855	13452	10567	10337	3836	5558	2693	4856	4117	5653	2530	5013	4466	4730	1924	1818	3770	3833	1034	1039	101114
*	*	3p	+	56	2237996	1316909	1304465	2263524	7122894	11754	13103	10937	10784	4312	5613	2401	5111	4342	5548	2485	5375	4918	4804	1759	1606	3894	3850	1038	1161	95459
*	*	3p	+	57	2258706	1327320	1298307	2220180	7104513	12631	12556	11506	11090	4390	5628	4050	5189	4156	5554	2789	5356	5017	4292	1947	2049	3913	3722	1009	1163	90203
*	*	3p	+	58	2206838	1324840	1317447	2234743	7083868	12294	13040	11613	10713	4180	5557	2383	4906	4275	5683	2808	5715	4705	4819	2017	1885	3904	3884	1214	1126	85493
*	*	3p	+	59	2215865	1319910	1300039	2226546	7062360	11657	12988	11062	10743	3785	6420	2401	5514	4202	5409	2489	5128	4799	4778	1903	2066	3896	3909	1132	1137	80929
*	*	3p	+	60	2223432	1320770	1281243	2214176	7039621	11965	12969	11572	10781	4876	5959	2404	4828	4038	5445	2670	4947	5357	4367	1830	1952	3846	3772	1120	1111	76919
*	*	3p	+	61	2176982	1309529	1292304	2237588	7016403	11292	13251	10705	10269	4100	5725	2879	4800	4405	5727	2393	5361	4580	4933	1904	1853	3599	3836	1124	1096	73047
*	*	3p	+	62	2188320	1307141	1278780	2217390	6991631	11490	13300	11164	11054	3986	5787	2579	4825	4240	5791	3103	5422	5145	4690	1812	1847	3715	4155	1066	1104	69401
*	*	3p	+	63	2190891	1313077	1268305	2193413	6965686	12272	13368	11529	10790	4222	5664	2203	4778	4198	5728	2477	5629	5218	4423	1885	1966	3849	3778	1107	1192	65911
*	*	3p	+	64	2156567	1297603	1279486	2204204	6937860	11750	13753	11273	10389	4294	5935	2527	4628	4324	5606	2487	5585	4682	4913	1941	2085	3766	3973	1039	1090	62495
*	*	3p	+	65	2145183	1295030	1268431	2200174	6908818	11755	13730	11012	10580	4035	5836	2358	5364	4299	6248	2636	5397	4832	4976	1862	1932	3896	4029	1002	1064	59351
*	*	3p	+	66	2156289	1296606	1244654	2181317	6878866	12101	13302	11779	10465	3984	6242	2119	4927	4099	5621	2694	5304	5156	4574	1965	2164	3873	3937	1049	1272	56229
*	*	3p	+	67	2118958	1278888	1251785	2198382	6848013	11118	13560	11591	10416	3885	5888	2424	4656	5596	5608	2681	5566	4721	5061	1985	2013	3788	4162	1066	1118	53234
*	*	3p	+	68	2102024	1274377	1242371	2196865	6815637	11225	13994	11468	10669	4019	5945	2582	4713	4156	6179	2530	5628	4813	4988	1986	1869	3896	4165	999	1092	50289
*	*	3p	+	69	2115432	1284327	1231726	2152056	6783541	11972	13461	11280	10568	4316	6066	2505	4864	3876	5442	2543	5275	5127	4391	2022	2117	3976	3950	995	1147	47566
*	*	3p	+	70	2076252	1274514	1224119	2175931	6750816	11448	14412	11172	11029	4234	5708	2809	4562	4047	5691	2455	5307	4755	5134	2056	1871	3561	3954	1115	1114	44876
*	*	3p	+	71	2077007	1265019	1223140	2151058	6716224	11145	13877	11576	10432	4003	5568	2547	4609	4128	5294	2592	5789	4925	4991	2146	1862	3600	3895	1013	1135	42356
*	*	3p	+	72	2089867	1263104	1216086	2110242	6679299	11877	13754	11941	10642	4105	5819	2049	4920	4050	5039	3027	5405	5302	4492	1875	2067	3767	3653	1062	1158	39896
*	*	3p	+	73	2033480	1262198	1205473	2140252	6641403	11046	14234	10890	11006	4134	5868	2544	4677	4180	5569	2501	5298	4674	4917	2028	2030	3628	3866	1107	1121	37412
*	*	3p	+	74	2031918	1250501	1199088	2121207	6602714	11062	13857	10915	11187	4548	5541	2418	4666	4198	5802	2435	5344	4893	4909	1972	2006	3589	3847	1054	1053	34940
*	*	3p	+	75	2040832	1242947	1179315	2099877	6562971	11631	13304	11371	10648	3990	5821	2387	5551	3912	5539	2612	5131	5175	4455	1938	2150	3681	3539	1036	1096	32718
*	*	3p	+	76	2001689	1237594	1173681	2108165	6521129	10757	13833	11031	10897	3964	5873	2410	4409	3977	5597	2463	5881	4725	4932	2122	1925	3328	3761	1111	1050	30583
*	*	3p	+	77	1994147	1228236	1160211	2095526	6478120	10963	13830	11002	11017	3955	5669	2175	4670	3798	5252	2212	5374	4929	5032	1936	1897	3283	3888	1034	1034	28498
*	*	3p	+	78	2011699	1217363	1145697	2060012	6434771	11545	13754	11171	10779	4519	5689	2224	4697	3905	5295	2677	5237	5474	4316	1947	2034	3554	3639	1004	1025	26553
*	*	3p	+	79	1951554	1208824	1154921	2074541	6389840	11026	13873	11452	10739	3877	5459	2615	4538	4333	5420	2586	5373	4915	5067	1961	1844	3388	3621	997	998	24514
*	*	3p	+	80	1945687	1201831	1133118	2063641	6344277	10883	13491	10948	12214	3775	5423	2326	4298	4086	5464	2523	5412	5039	4920	1918	1864	3260	3526	987	1004	22455
*	*	3p	+	81	1957990	1191777	1126492	2020014	6296273	11559	13831	11773	10366	4660	5594	2275	4651	3804	5060	2427	5242	5331	4346	1942	2004	3572	3151	914	1027	20595
*	*	3p	+	82	1911067	1194182	1119520	2022146	6246915	10540	14358	10551	10583	4018	5551	2374	4636	3943	5470	2387	5097	4815	5003	2101	1920	3241	3277	1018	933	18856
*	*	3p	+	83	1908962	1166787	1108233	2011631	6195613	10231	13490	10605	10723	4211	5318	1978	4231	4252	5256	2273	5133	4957	5076	1839	1849	3163	3317	928	925	17123
*	*	3p	+	84	1911856	1161805	1103606	1965317	6142584	11073	13416	11146	10055	4327	5526	2148	4471	4075	5061	2300	5275	5247	4453	1917	2080	3357	2998	1038	993	15482
*	*	3p	+	85	1855936	1158687	1094101	1978888	6087612	10659	14135	10557	10672	3911	5614	2186	4322	4174	5236	2452	5146	4657	5079	2065	1896	2947	3336	1016	887	13854
*	*	3p	+	86	1855217	1134782	1076611	1964329	6030939	10466	13294	10513	10377	4064	5415	1999	4019	3919	4966	2184	5126	4870	4953	1965	1858	3037	3329	860	903	12346
*	*	3p	+	87	1849988	1141166	1068103	1914035	5973292	11310	13473	11227	9951	4270	5332	1992	4127	3643	5047	2391	4883	5195	4388	1934	2042	3375	3086	864	833	10794
*	*	3p	+	88	1804084	1138176	1040105	1932635	5915000	9472	13919	10110	10815	4074	5677	1960	3902	3749	4937	2324	5026	4648	5036	1964	1939	2986	2931	901	823	9222
*	*	3p	+	89	1790087	1114723	1041195	1908831	5854836	9700	13549	10378	10577	3877	5168	1931	3692	3717	5003	2785	5254	4715	4907	2060	1864	2772	3088	849	794	7741
*	*	3p	+	90	1799053	1104502	1028611	1861810	5793976	10346	13106	10658	10342	4102	5371	1881	4048	3571	4906	2373	5006	5061	4171	1936	2078	2949	2715	779	870	6341
*	*	3p	+	91	1745296	1098043	1016642	1869831	5729812	9596	13810	9909	10573	3904	5466	1920	3796	3518	5954	2415	4938	4593	4831	1893	1882	2789	2850	929	840	5005
*	*	3p	+	92	1730495	1086944	1000922	1846729	5665090	9121	13372	10260	10736	4041	5285	1987	3895	3544	4879	2232	4884	4675	4731	1936	1878	2624	2906	823	846	3938
*	*	3p	+	93	1742961	1073630	985030	1796560	5598181	10001	13037	10594	10433	3977	5517	1797	3740	3354	4605	2237	4743	5129	4183	1768	1962	2871	2528	704	767	3025
*	*	3p	+	94	1685303	1047792	985219	1810595	5528909	9846	13077	9695	9977	3745	5096	1648	3735	3622	4547	2213	4970	4525	4736	1971	1817	2473	2564	989	753	2260
*	*	3p	+	95	1660662	1037571	974272	1783927	5456432	9352	13275	9870	10066	3972	4865	1914	3775	3454	4564	2017	5055	4502	4770	1926	1789	2389	2689	744	728	1623
*	*	3p	+	96	1673328	1027253	946092	1735868	5382541	9761	12807	10075	10112	4134	5001	1539	3728	3126	4478	2082	4709	5123	4180	1939	1808	2593	2286	712	740	1180
*	*	3p	+	97	1612939	1016748	938257	1739068	5307012	8665	13092	9618	9893	3774	4938	1835	3584	3404	4635	2277	4686	4334	4449	1897	1739	2293	2445	775	664	799
*	*	3p	+	98	1595186	990558	919716	1725405	5230865	8724	12692	9568	9959	3665	4912	1657	3440	3411	4574	1975	4660	4388	4421	1947	1684	2188	2442	723	576	427
*	*	3p	+	99	1599814	983154	898564	1671658	5153190	9137	12157	10124	9091	3674	4883	1545	3434	3194	4274	1940	4501	4817	3863	1756	1895	2287	2045	699	668	249
*	*	3p	+	100	1543292	972729	888054	1669933	5074008	8346	12447	8859	9714	3696	4864	1821	3398	3366	4332	1997	4585	4125	4364	2102	1691	2034	2096	650	535	126
*	*	3p	-	1	1783608	1594691	1518603	2495785	7392687	25467	23189	17896	17158	7555	27865	4326	6782	6763	7999	3673	15617	0	0	0	0	0	0	0	0	1039114
*	*	3p	-	2	2330310	1313812	1434652	2314359	7393133	20907	12709	12800	12852	4864	7258	2978	6780	5436	7743	2330	5680	0	13	0	0	2	8	1	0	1039017
*	*	3p	-	3	2515183	1274955	1378161	2225070	7393369	20482	10740	11512	11190	4377	5987	2483	6376	4327	5933	2117	5106	10	13	2	3	4	7	1	0	1013118
*	*	3p	-	4	2426916	1280465	1428584	2254370	7390335	16422	10940	10235	10387	3968	5095	2360	5715	3927	5567	1992	4607	942	998	445	461	1453	1122	374	529	980591
*	*	3p	-	5	2395360	1295446	1412187	2287610	7390603	15759	9849	10176	9479	3766	4975	2190	5874	4239	5218	1643	4520	1185	894	495	579	1491	1128	367	504	940025
*	*	3p	-	6	2370070	1309562	1430448	2280369	7390449	21989	17893	16038	16074	6360	11172	3794	9242	6448	9642	2947	7859	1537	1290	576	592	1644	1263	411	579	894961
*	*	3p	-	7	2394087	1306570	1405827	2284220	7390704	19790	16810	13622	14431	5511	8686	2946	8513	5279	8570	2741	6897	1535	1314	595	593	1694	1309	372	483	870251
*	*	3p	-	8	2411686	1258542	1436368	2284480	7391076	19193	15588	14234	13968	4838	8483	3156	7915	5404	8037	2588	7102	1562	1396	618	629	1563	1256	350	520	839549
*	*	3p	-	9	2458336	1289372	1419954	2221836	7389498	19894	14664	14059	13016	5574	9528	3129	8050	5194	8343	2353	6437	2127	1884	786	830	2374	1862	541	649	809886
*	*	3p	-	10	2381483	1300050	1411559	2296701	7389793	17393	16007	12774	13059	4894	7925	2704	7853	4714	7865	2421	6322	1941	1914	886	932	2124	1903	551	741	781241
*	*	3p	-	11	2391637	1287214	1424331	2286287	7389469	19805	15417	14495	14048	5331	8661	2693	7641	5219	8668	2515	7099	2165	1909	977	1025	2294	2082	613	664	751399
*	*	3p	-	12	2409454	1307277	1408763	2263887	7389381	19712	15350	14371	13915	5439	8881	3302	7835	5087	8247	2511	7046	2329	2048	1020	1093	2351	2099	596	687	727849
*	*	3p	-	13	2364943	1311112	1395010	2318149	7389214	17522	15290	13181	12478	4851	8034	2821	7056	4895	7361	2396	6527	2306	2239	1246	1070	2356	2347	574	623	704400
*	*	3p	-	14	2356346	1312964	1417985	2301517	7388812	17600	14670	12704	12149	5140	7781	3002	7248	4803	7043	2442	6481	2974	2373	1094	1288	2509	2354	654	801	680564
*	*	3p	-	15	2405632	1301249	1399293	2282614	7388788	17811	14081	13149	12469	4557	8160	2769	7433	5048	7394	2701	6517	2764	2410	1096	1166	2581	2365	656	710	657312
*	*	3p	-	16	2367079	1304628	1393878	2322879	7388464	16905	15438	12212	13361	4643	8078	2705	7062	4583	7491	2438	6544	2454	2624	1281	1112	2539	2597	746	751	634167
*	*	3p	-	17	2385458	1301255	1391538	2310163	7388414	16769	14049	12060	12106	4967	8229	2725	6753	4705	7188	2498	6222	2726	2490	1176	1320	2742	2448	672	792	613337
*	*	3p	-	18	2411355	1319485	1382185	2275348	7388373	17528	14557	12867	12422	5012	7827	2950	7369	4546	7045	2505	6442	2749	2621	1242	1193	2847	2356	695	787	592533
*	*	3p	-	19	2360681	1334492	1399124	2293859	7388156	16029	14510	11933	12031	4493	7418	2725	6802	4283	6884	2363	6056	2819	2862	1321	1165	2818	2707	726	666	572507
*	*	3p	-	20	2358419	1344523	1388595	2296529	7388066	15621	14076	11404	11231	4484	6924	2861	7159	4103	6419	2406	6236	2904	2795	1301	1204	2746	2739	740	792	552533
*	*	3p	-	21	2386928	1324841	1379434	2296374	7387577	16474	13801	12437	10823	4529	7216	2747	7043	4217	6545	2316	6216	3022	2831	1230	1207	3154	2676	766	901	533296
*	*	3p	-	22	2340300	1337064	1385538	2323796	7386698	15033	14703	11283	10946	4437	6917	3216	6695	4241	6520	2633	5869	2897	3328	1325	1379	3788	2941	775	858	515432
*	*	3p	-	23	2356291	1327171	1373774	2329085	7386321	14818	13922	11109	11104	4328	7052	2963	6777	4054	6206	2478	5513	3237	3430	1392	1352	3946	3081	824	903	497263
*	*	3p	-	24	2382560	1331916	1374161	2297151	7385788	15412	13702	11985	12563	4750	7436	3451	6949	4462	6787	2593	6018	3600	3313	1405	1435	4279	3153	855	966	479305
*	*	3p	-	25	2340576	1331192	1398979	2314955	7385702	14700	14244	12672	10898	4502	6896	2787	6349	4092	6239	2355	5753	3386	3787	1473	1465	3901	3448	1037	943	462038
*	*	3p	-	26	2345662	1335562	1385539	2314694	7381457	14504	13728	11277	11162	4309	6791	2593	6315	4233	6967	2299	6051	3766	3671	1465	1435	3628	3350	872	1122	444821
*	*	3p	-	27	2373173	1334285	1376980	2291118	7375556	15472	13833	11525	12981	4545	8023	3002	6765	4620	6081	2487	5897	4049	3592	1889	1542	3579	4324	911	989	428697
*	*	3p	-	28	2338696	1331146	1374141	2326803	7370786	14276	13728	10811	11286	4251	6766	2839	6130	4336	6146	2496	5843	3717	4086	2036	1459	3611	3561	981	961	412447
*	*	3p	-	29	2331051	1323853	1374146	2335851	7364901	14141	13742	11137	10353	4590	6321	2719	6295	3987	6621	2453	6165	4081	4200	1626	1605	3623	3612	943	1021	396062
*	*	3p	-	30	2361531	1341889	1366228	2289238	7358886	15478	13338	12250	10315	4455	6883	3753	6258	4281	6473	2668	5726	4442	3912	1692	1787	3783	3361	1010	1059	380233
*	*	3p	-	31	2312869	1339050	1362911	2337181	7352011	14538	13807	11107	10699	4187	6235	2843	6287	4136	6293	2625	5355	3963	4213	1842	1683	3532	3802	1082	1132	364796
*	*	3p	-	32	2316508	1342810	1368017	2317068	7344403	14714	14063	11040	10478	4160	6814	3169	6152	4018	5961	2702	5706	4235	4393	1758	1612	3928	3719	973	1082	349774
*	*	3p	-	33	2342501	1345571	1364354	2281447	7333873	14696	13794	11701	10795	4329	6669	2979	6304	4057	5867	2854	5909	4624	4105	1697	1748	4059	3462	1076	1352	335197
*	*	3p	-	34	2294584	1348760	1362913	2320328	7326585	13747	13934	10595	11066	4256	6366	2523	6018	4021	6206	2631	5473	4211	4631	1931	1635	3822	3824	1047	1146	320739
*	*	3p	-	35	2309649	1333994	1367562	2307282	7318487	13403	13255	10619	11397	4220	6215	2414	6066	3878	5848	2472	5416	4334	4735	1704	1749	3852	4192	1034	1114	306402
*	*	3p	-	36	2328819	1343324	1353516	2275318	7300977	14150	13050	11480	11472	4595	6358	2724	5971	4041	5958	3073	5573	4796	4313	1733	1820	3936	3590	1156	1253	292620
*	*	3p	-	37	2299859	1333024	1356332	2301409	7290624	12992	13706	11682	10919	4302	6434	2500	5599	4035	6037	3045	5366	4370	4761	1917	1791	3834	3933	1169	1094	279099
*	*	3p	-	38	2304962	1336886	1360961	2280091	7282900	13636	13883	11183	10647	4093	5994	2525	5487	4268	5715	2469	5614	4502	4797	1954	1877	3863	3926	1073	1068	265386
*	*	3p	-	39	2323246	1335484	1353421	2262425	7274576	13853	14089	11708	11037	4648	6817	2364	5710	3974	5897	3760	5346	4966	4476	1919	1954	4122	3705	1208	1169	252494
*	*	3p	-	40	2272435	1352509	1353063	2288396	7266403	13058	13970	12181	11699	4231	6231	2746	5717	3929	7092	2768	5395	4333	5005	2041	1874	3812	4119	1220	1081	239989
*	*	3p	-	41	2282187	1334477	1346509	2295021	7258194	13164	13100	10750	10526	4164	6070	2568	5652	3929	5747	2929	5484	4689	4796	1813	1829	4099	3979	1051	1216	227573
*	*	3p	-	42	2303030	1350710	1334602	2261085	7249427	13711	13641	11204	11278	4454	6278	2172	5710	3946	5834	2787	5451	5133	4486	2007	1868	4290	3700	1143	1206	215572
*	*	3p	-	43	2265831	1357140	1333768	2283494	7240233	12721	14261	10569	11295	4412	6056	2151	5656	4043	5495	2780	5624	4708	5141	2016	1812	3884	3898	1135	1263	204013
*	*	3p	-	44	2266028	1335814	1333450	2295831	7231123	12225	12914	10248	11331	4209	5877	2481	5106	4045	5485	2938	5562	4788	4991	2143	1867	3845	3697	1122	1227	192732
*	*	3p	-	45	2288640	1343805	1333277	2255617	7221339	14244	12821	11343	11690	4455	6202	2079	5579	4252	5617	2550	5319	5352	4673	1953	2107	3946	3662	1150	1080	181874
*	*	3p	-	46	2264009	1345894	1324318	2275476	7209697	12672	13598	10084	11097	4570	6263	2262	5599	4482	5673	2855	5074	4902	5294	2088	1754	3687	4080	1101	1100	171461
*	*	3p	-	47	2273891	1333831	1320907	2270105	7198734	12638	13275	10361	11443	4466	5804	2387	5369	4057	5352	2432	4931	4825	5079	2273	1887	3953	3883	1097	1017	161179
*	*	3p	-	48	2283810	1341125	1331030	2230447	7186412	13609	13236	11911	10834	4599	6128	2454	5418	4024	5784	2724	5392	5078	4632	2073	2147	4139	3585	1157	1096	151523
*	*	3p	-	49	2244393	1337341	1325686	2267163	7174583	11983	14181	10344	11054	4292	6260	2237	5656	4302	5897	2643	5114	4493	5229	2096	1825	3822	3956	1117	1042	142406
*	*	3p	-	50	2251437	1333242	1311903	2265713	7162295	12140	13174	11183	11112	4406	5918	2374	5405	4168	5392	2882	5025	4935	5141	2040	1847	3898	3906	1014	1006	133306
*	*	3p	-	51	2269463	1335770	1308986	2234848	7149067	12419	12886	11723	10925	4597	6302	2534	5680	4066	5456	2530	5055	5316	4685	2034	1990	3898	3595	1148	1089	125000
*	*	3p	-	52	2227157	1344738	1307498	2255085	7134478	11783	13880	10810	11205	4492	5931	2778	5132	4674	5979	2517	5295	4474	5344	2309	1961	3893	3816	1150	1045	117528
*	*	3p	-	53	2215637	1343730	1296426	2262137	7117930	11421	13892	10490	11375	4649	5917	2369	5259	3896	5478	2840	4858	4852	5131	2151	1848	3927	3788	1135	1040	110495
*	*	3p	-	54	2247873	1328649	1303257	2222010	7101789	12682	12526	11248	11019	4330	6310	2204	5412	3845	5532	2487	5186	5195	4715	2019	2099	4171	3515	1065	1103	103869
*	*	3p	-	55	2197721	1329398	1294505	2262884	7084508	11388	13537	10957	10876	4327	5848	2197	5020	4127	5599	2621	4843	4539	5314	2065	1885	3750	3854	1058	1119	97795
*	*	3p	-	56	2207132	1318753	1288250	2252936	7067071	12290	13184	11013	11465	4562	5811	2145	5089	4001	5323	2535	4794	4774	5179	2002	1890	3870	3730	1111	1041	92043
*	*	3p	-	57	2234200	1327694	1279587	2207340	7048821	11982	12978	11710	11121	4626	5953	2518	5662	3945	5935	3104	4991	5204	4689	2042	2062	3898	3549	1079	1053	86603
*	*	3p	-	58	2186003	1329855	1284105	2228933	7028896	11290	13488	10414	12108	3987	5743	2181	4948	3872	5525	2770	5114	4659	5264	2216	1897	3446	3841	1091	986	81910
*	*	3p	-	59	2192151	1318487	1282391	2213926	7006955	11442	13530	10924	11136	4449	5919	2369	5405	3737	5097	2629	5056	4966	5080	2050	1995	4058	3694	1151	1046	77431
*	*	3p	-	60	2194973	1320788	1271013	2197735	6984509	12070	13501	10873	11858	4289	6290	2284	5246	3810	5249	2601	4935	5157	4660	2054	2148	3913	3637	1057	1030	73548
*	*	3p	-	61	2149450	1314257	1273083	2224730	6961520	11283	13404	10259	11441	4455	5827	2779	5009	3842	5307	2379	5612	4726	5345	2201	1881	3649	3709	1089	1013	69724
*	*	3p	-	62	2146402	1314828	1263285	2212663	6937178	11235	13668	10801	11731	4481	5873	2485	4967	4080	5167	2729	4996	4932	5259	2190	2003	3674	3690	1045	1047	66065
*	*	3p	-	63	2157497	1314117	1256943	2182956	6911513	12014	14564	11069	11364	4407	6250	2256	4860	3972	5257	2367	5034	5293	4687	2240	2168	3612	3494	1039	1065	62578
*	*	3p	-	64	2118804	1306525	1259928	2198638	6883895	11577	14518	10832	11975	4440	6293	2332	4926	4196	5282	2601	5280	4646	5304	2227	1990	3484	3726	1007	953	59289
*	*	3p	-	65	2117026	1292155	1250792	2195100	6855073	11070	13969	10630	11536	4310	5754	2317	5170	3872	5683	2861	4969	4900	5154	2058	1941	3504	3669	990	988	56096
*	*	3p	-	66	2137686	1291484	1228730	2167764	6825664	11650	13432	11707	11687	4353	6336	2178	4775	3661	5468	2890	5130	5235	4727	2092	2132	3644	3316	994	1010	53160
*	*	3p	-	67	2092052	1286967	1230550	2185449	6795018	10893	13901	10625	11728	4095	5824	2181	5150	4181	5307	2841	5368	4704	5214	2137	1884	3493	3553	1137	950	50347
*	*	3p	-	68	2075694	1282776	1226025	2178599	6763094	11431	14124	11462	12158	4312	5710	2162	4677	4058	5826	2723	5154	4686	4917	2080	1986	3480	3509	1089	936	47575
*	*	3p	-	69	2088648	1287511	1215098	2139639	6730896	11237	14154	11532	11655	4688	6064	2684	4873	3762	5305	2932	5004	4956	4473	2139	2029	3701	3184	963	1003	44742
*	*	3p	-	70	2047634	1285199	1208938	2156487	6698258	10898	14898	10622	11415	4650	6255	2489	4684	4461	5277	2528	5093	4449	5170	2190	1929	3210	3421	1060	1000	42107
*	*	3p	-	71	2049760	1269991	1202776	2141382	6663909	10794	14034	11083	11499	4373	5774	2471	5105	4569	4861	2717	5468	4549	4931	2064	1990	3234	3266	1009	907	39640
*	*	3p	-	72	2068256	1269011	1191590	2098043	6626900	11499	13895	11308	11876	4239	5856	2208	4834	4080	5071	2620	5304	5024	4590	1967	2141	3404	3103	914	947	37241
*	*	3p	-	73	2010117	1263292	1187714	2128089	6589212	10781	14570	10648	11755	4355	5847	2496	4588	3762	5173	2836	5125	4266	5172	2156	1950	2913	3288	998	887	34718
*	*	3p	-	74	2006998	1255496	1178161	2110182	6550837	10801	14097	11229	11821	4014	5561	2052	4579	4425	5165	2592	5079	4457	4959	2130	1921	2970	3157	926	841	32423
*	*	3p	-	75	2018720	1251593	1164130	2076624	6511067	11512	14010	11699	11353	4368	5906	2382	4700	3887	5045	2380	4998	4816	4434	1916	2094	3101	3071	971	872	30217
*	*	3p	-	76	1975133	1241614	1153552	2099252	6469551	10173	14139	10637	11763	4182	5727	2476	4354	4056	5090	2799	5181	4415	4824	2033	1866	2797	3202	1038	795	28137
*	*	3p	-	77	1968838	1224637	1149628	2083830	6426933	10338	14234	10730	11814	4153	5650	2257	4655	4126	5136	2173	5025	4422	4900	1967	1881	2744	3044	1178	839	26084
*	*	3p	-	78	1979715	1225378	1133535	2045494	6384122	11121	13735	11116	11882	4556	6445	2230	4644	3892	5342	2472	4949	4837	4315	1912	2010	2800	2820	954	857	24094
*	*	3p	-	79	1928398	1213427	1134988	2062460	6339273	10554	14243	10511	11633	4331	5473	2414	4464	4349	5212	2644	5415	4263	4800	2050	1819	2645	2968	920	796	22235
*	*	3p	-	80	1917635	1201131	1123917	2050865	6293548	10254	13961	10680	12169	4131	6037	2298	4448	3733	5213	2960	5187	4220	4743	1997	1737	2594	2855	920	800	20347
*	*	3p	-	81	1927530	1193047	1117701	2006870	6245148	10978	14264	11375	11456	4358	5890	2216	4519	3580	5522	2602	5192	4604	4179	1963	1928	2803	2700	903	870	18561
*	*	3p	-	82	1887726	1192123	1107972	2008789	6196610	10191	14375	10737	11884	4041	5467	2260	4626	4049	4984	2222	4956	4122	4593	2101	1786	2669	2668	889	779	16847
*	*	3p	-	83	1884626	1167511	1095732	1997636	6145505	10288	13735	10827	12216	4008	5117	2271	4286	3816	4870	2200	4820	4252	4664	2047	1838	2588	2668	899	775	15115
*	*	3p	-	84	1883560	1164440	1091286	1954155	6093441	10974	13795	11024	11744	4598	5652	2381	4438	3928	5051	2300	5186	4524	4066	1921	1800	2600	2499	898	812	13516
*	*	3p	-	85	1834528	1161428	1077519	1965013	6038488	10146	13838	10426	11556	4076	5578	2227	4206	3919	5185	2424	4806	4022	4299	2085	1784	2546	2714	858	833	12046
*	*	3p	-	86	1826523	1139160	1059720	1956820	5982223	10327	13423	10655	11377	4272	5282	2348	4002	3617	4892	2336	4653	4116	4313	1919	1653	2425	2697	859	680	10595
*	*	3p	-	87	1828624	1139813	1049241	1907623	5925301	10308	13514	11452	11172	4287	5613	2195	4233	3472	5006	2173	4706	4319	3780	1843	1905	2362	2542	857	752	9172
*	*	3p	-	88	1781315	1135510	1032138	1917805	5866768	9618	14188	10103	11726	4018	5481	2016	3829	4222	4746	2520	4998	3846	4217	1904	1729	2152	2534	860	697	7796
*	*	3p	-	89	1763119	1116572	1032763	1894467	5806921	9748	13783	10449	11636	3934	5481	1882	3911	3622	4602	2603	4876	3835	4010	1944	1734	2215	2508	871	622	6574
*	*	3p	-	90	1772837	1104157	1012903	1856676	5746573	9935	13687	10341	10935	4235	5274	1964	4180	3679	4744	2216	4846	4024	3639	1756	1733	2206	2244	733	681	5441
*	*	3p	-	91	1727942	1098067	998567	1858636	5683212	9430	13780	9924	10953	3744	5399	1952	3952	3748	4762	1949	4600	3642	3867	1912	1612	2023	2265	798	693	4307
*	*	3p	-	92	1708014	1083365	991133	1836391	5618903	9039	13095	9923	11318	3835	5171	2050	3900	3558	4657	2241	4806	3493	3979	1835	1595	1992	2136	839	652	3318
*	*	3p	-	93	1721574	1068662	970072	1792162	5552470	9651	13342	10454	11147	4013	5283	1814	4083	3643	4633	2225	4531	3899	3493	1685	1624	2005	1902	721	643	2530
*	*	3p	-	94	1666867	1049451	968034	1799359	5483711	9251	13775	9781	10812	3714	5218	1897	3655	3394	4791	2178	4526	3416	3780	1730	1592	1860	1989	739	606	1891
*	*	3p	-	95	1639042	1042878	955302	1773740	5410962	8898	13590	9415	10922	3554	4975	1905	3930	3622	4534	2129	4601	3353	3768	1628	1512	1815	1944	732	599	1341
*	*	3p	-	96	1655327	1028910	934514	1719032	5337783	9364	12897	9823	10741	4110	5307	1821	3679	3058	4409	2048	4385	3625	3229	1746	1595	1779	1737	643	603	952
*	*	3p	-	97	1594664	1013350	925528	1729299	5262841	8511	13193	9169	10823	3619	5102	1981	3522	3571	4322	2332	4724	3073	3673	1726	1378	1596	1860	608	657	634
*	*	3p	-	98	1575921	993428	905220	1712515	5187084	8401	13268	9626	10681	3412	4988	1772	3679	3415	4395	1949	4171	3092	3493	1682	1392	1549	1763	663	538	370
*	*	3p	-	99	1581609	981615	886786	1660100	5110110	8922	12510	9594	9906	3614	5018	1776	3686	3187	4333	1772	4124	3415	3062	1503	1456	1681	1494	560	519	234
*	*	3p	-	100	1522171	974748	877921	1656669	5031509	8238	13044	8825	10625	3415	4712	2175	3513	3200	4403	2009	4368	2878	3307	1610	1322	1442	1572	559	458	107
*	*	5p	+	1	2212442	1649264	1518325	2061603	7441634	13303	37161	18208	23893	8271	9241	3389	5510	7120	9313	4848	7399	0	0	0	0	0	0	0	0	995342
*	*	5p	+	2	2117072	1372448	1267349	2686503	7443372	11072	26884	13132	13117	5643	8595	2478	4743	5451	6598	3250	6711	69	138	52	37	8	6	1	0	995261
*	*	5p	+	3	2211139	1429695	1278830	2524286	7443950	12755	22097	14721	11733	5310	5775	2139	4446	4450	4939	2755	5743	153	171	127	118	17	14	4	2	971753
*	*	5p	+	4	2169943	1480059	1284135	2506805	7440942	9211	20033	11309	12591	4585	5299	2110	3512	4318	4453	2444	5416	1335	1141	623	563	1144	1432	572	388	941536
*	*	5p	+	5	2248621	1428507	1301797	2462166	7441091	8671	18442	10432	11646	4930	5309	1771	4066	4170	4654	2313	5735	1280	1467	747	661	1441	1567	605	409	904727
*	*	5p	+	6	2381301	1483671	1325612	2250371	7440955	18959	20860	20532	16856	7290	8933	3022	6494	6288	7952	4049	8414	1844	1584	724	879	1703	1813	684	459	862429
*	*	5p	+	7	2240157	1426481	1299676	2474997	7441311	14447	22404	15582	16077	5587	8173	2802	5729	5671	7394	2997	7923	1698	2064	849	787	1588	2185	485	435	839725
*	*	5p	+	8	2247845	1471195	1213767	2509032	7441839	13462	21103	14724	15954	6041	8129	2577	5592	4963	7196	3336	7409	1968	2271	1026	799	1607	1864	662	394	812134
*	*	5p	+	9	2267068	1456712	1280645	2436187	7440612	14747	19811	16020	14502	6230	8760	2261	5171	5260	7259	3252	7385	2757	2468	1178	1319	2381	2288	745	629	784838
*	*	5p	+	10	2245269	1438043	1285575	2472005	7440892	13054	19595	13881	15062	5236	7745	2532	5268	5094	6827	2889	7485	2567	2743	1463	1140	2051	2496	903	639	756805
*	*	5p	+	11	2231728	1453197	1273339	2482251	7440515	12783	21968	14982	16650	5749	8966	2555	5931	5471	7271	2852	7144	2541	3033	1575	1116	2282	2737	871	594	727809
*	*	5p	+	12	2346784	1433699	1309286	2350573	7440342	15002	19317	17078	14614	6309	9106	2571	5796	5404	6896	3440	7123	3154	2707	1431	1463	2479	2568	791	820	705500
*	*	5p	+	13	2281612	1422154	1295039	2441315	7440120	12286	19608	13068	15138	5597	7426	2280	5390	5008	6962	2801	6741	2802	3161	1813	1472	2454	2978	772	660	682607
*	*	5p	+	14	2265924	1435557	1295773	2442624	7439878	11944	18833	13206	14627	5436	7298	2515	5288	5014	6679	3152	6883	2921	3571	1914	1475	2523	2945	865	775	660244
*	*	5p	+	15	2350462	1422597	1291344	2375345	7439748	13635	17678	14454	13732	5922	8258	2744	5603	4412	6216	2885	6820	3814	3065	1641	1532	2918	2748	790	776	637980
*	*	5p	+	16	2276906	1415910	1293116	2453516	7439448	12736	18641	14014	13729	4812	7343	2490	5451	4610	6734	2600	6586	3322	3767	1821	1419	2805	3098	887	746	615897
*	*	5p	+	17	2266343	1405991	1295453	2471610	7439397	11907	18287	13304	13567	4858	7302	2395	4995	5130	6770	2817	6731	3203	3821	1944	1593	2796	3140	885	763	596613
*	*	5p	+	18	2340880	1405836	1317176	2375478	7439370	13976	16828	15059	12643	5392	7545	2617	5363	5035	6149	3313	6379	4265	3188	1715	1824	3012	2912	823	845	577431
*	*	5p	+	19	2251672	1416639	1325945	2444957	7439213	12040	17536	12598	14181	4344	6626	2500	4972	4547	6146	2672	6758	3594	4160	1844	1622	2860	3214	837	838	559127
*	*	5p	+	20	2251772	1402616	1350373	2434466	7439227	12010	17163	12019	12540	4046	6456	2322	4966	4762	6139	2733	7221	3718	4213	1873	1797	2817	3218	874	827	540645
*	*	5p	+	21	2372507	1390505	1335172	2340744	7438928	13900	15261	12892	12220	5059	6644	2263	5377	4304	5751	3285	6463	4537	3557	1779	2057	3324	2916	890	911	522364
*	*	5p	+	22	2281820	1411505	1329597	2415394	7438316	12186	16206	11563	12750	4510	6288	2460	5076	4267	5899	3547	6463	4198	4369	2118	1836	3205	3517	1028	889	505536
*	*	5p	+	23	2292281	1394105	1316386	2435649	7438421	11360	15792	11723	12545	4369	6097	2586	4543	4204	6113	3233	6442	4318	4580	2133	1766	3117	3462	1066	895	488618
*	*	5p	+	24	2355998	1392983	1337714	2351028	7437723	13425	15037	15131	12309	5081	6848	2305	5089	4200	6026	4258	6170	5461	3927	1953	2101	3853	3357	925	1103	471991
*	*	5p	+	25	2283569	1430056	1301261	2422770	7437656	11699	16256	11420	14403	4551	5996	2396	4944	4382	6139	3075	5621	4818	4915	2284	1844	3390	3735	1082	1073	456024
*	*	5p	+	26	2280673	1406089	1319700	2426377	7432839	12093	15455	12027	12719	4658	6456	2330	5207	4349	5933	2645	6356	4666	5118	2178	2045	3356	3740	1324	1024	440336
*	*	5p	+	27	2363082	1397806	1332494	2334560	7427942	14198	14700	15259	11467	5612	6532	2463	5393	4283	6463	3206	6567	5911	4077	2128	2641	4153	3157	1005	1131	425509
*	*	5p	+	28	2292417	1396411	1319882	2413341	7422051	11586	15086	11850	12255	4355	6305	2187	5456	4306	5801	2600	6045	5200	5380	2328	2269	3692	3855	1150	1041	410475
*	*	5p	+	29	2298430	1394523	1317160	2405634	7415747	11870	15151	10690	11773	4191	6710	2180	5511	4436	5994	2887	5935	5035	5952	2453	2200	3642	3985	1104	972	395825
*	*	5p	+	30	2354169	1396919	1346562	2311502	7409152	13490	14740	12351	11919	5177	6964	2691	5325	4013	5911	4253	6152	6261	4605	2479	2683	4180	3286	1086	1282	381091
*	*	5p	+	31	2306850	1387646	1324307	2383312	7402115	12072	15746	11152	12404	4229	6234	2126	4933	3980	5541	3002	6244	5426	5613	2622	2347	3623	4132	1206	1047	366918
*	*	5p	+	32	2269431	1398869	1331554	2395174	7395028	12040	16263	10557	12129	4721	6017	2659	5273	4490	6429	3282	6192	5484	6228	2464	2244	3589	4134	1225	1062	353200
*	*	5p	+	33	2345501	1386804	1348724	2305098	7386127	14357	14383	13069	11123	4788	6281	2544	6826	3990	5713	3086	6206	6858	4745	2359	2782	4251	3668	1301	1348	339873
*	*	5p	+	34	2286842	1392892	1336767	2361606	7378107	11988	14693	11412	11885	4348	6130	2788	5105	4320	5737	2937	5855	5712	6000	2588	2458	3768	4396	1250	1158	326707
*	*	5p	+	35	2263746	1391572	1327160	2387916	7370394	10851	14561	11630	11958	4157	5973	2712	4926	4212	5718	2539	5855	5673	6325	2627	2258	4195	4302	1137	1127	313946
*	*	5p	+	36	2339318	1381477	1352531	2283031	7356357	13823	13549	12919	11136	4767	6561	3132	5353	4250	5734	3144	5532	7102	4672	2542	2787	4408	3598	1100	1377	301294
*	*	5p	+	37	2269476	1379568	1324059	2372833	7345936	12008	14241	11026	12651	4214	5965	2592	4962	4360	5770	2247	5641	5655	6406	2725	2444	3833	4405	1223	1111	289097
*	*	5p	+	38	2249599	1379939	1322084	2386472	7338094	12282	14615	11047	11830	4436	5825	2630	5121	4272	5729	2839	5359	5595	6750	2708	2410	3984	4320	1137	1053	277202
*	*	5p	+	39	2321822	1380161	1339999	2287789	7329771	14136	13703	12682	11211	4736	6437	3765	5286	4372	5684	2702	5830	7234	5025	2419	2881	4425	3718	1156	1434	265625
*	*	5p	+	40	2257788	1380305	1340809	2342721	7321623	11946	14131	11344	11883	4522	6459	2617	5205	4184	5649	2896	5737	5906	6576	2930	2393	3810	4505	1264	1191	254220
*	*	5p	+	41	2258125	1371935	1325112	2357305	7312477	11857	14521	10527	11592	4385	6054	2813	4908	4238	5771	2616	5553	5700	6857	2666	2187	3727	4346	1299	1103	242971
*	*	5p	+	42	2325413	1366281	1358776	2254733	7305203	14352	13210	13310	10536	4417	6415	3168	6031	4268	5510	2667	5483	7265	5003	2377	2965	4138	3592	1142	1319	232048
*	*	5p	+	43	2261303	1361618	1339472	2332930	7295323	12476	13631	11468	12258	4227	5324	2897	5378	4199	5940	2310	6046	5951	6763	2704	2448	3650	4242	1341	1149	221274
*	*	5p	+	44	2269685	1354035	1322328	2339946	7285994	11523	13683	11325	11052	4471	5639	2938	5701	4445	5714	2287	5135	5846	6940	2679	2522	3714	4232	1392	1082	211031
*	*	5p	+	45	2327796	1357617	1342028	2248492	7275933	13442	13850	13247	10462	4693	6157	2651	5443	4069	5727	2262	5803	7520	5080	2659	2923	4353	3603	1146	1346	201001
*	*	5p	+	46	2231394	1352240	1328888	2352636	7265158	11862	13932	11618	11084	4739	5578	2873	5212	4683	5961	2167	5754	6227	6987	2564	2520	3864	4231	1180	1151	191147
*	*	5p	+	47	2225523	1341213	1325942	2361543	7254221	11791	13565	11305	11038	4415	5816	2492	4822	4680	5856	2580	5631	5797	6932	2813	2652	3843	4462	1049	1063	181871
*	*	5p	+	48	2292263	1369168	1342675	2237836	7241942	14008	14227	12295	11069	4647	6153	3224	5704	4183	5888	2577	5511	7538	4813	2708	3056	4348	3657	1061	1457	172942
*	*	5p	+	49	2234919	1356839	1322687	2315608	7230053	12567	13460	10784	10960	4646	5989	2657	5337	4364	6413	2263	5790	5980	6521	2671	2473	3742	4482	1197	1083	164103
*	*	5p	+	50	2233218	1327201	1331501	2322562	7214482	12327	13461	11636	11424	4258	5544	2506	4940	4350	6305	2315	5685	5972	6494	2704	2599	3713	4363	1113	1087	155727
*	*	5p	+	51	2299279	1319833	1342392	2243208	7204712	13517	12049	12063	11167	4577	6384	2914	5084	4347	6352	2576	5916	7235	4977	2553	3030	4187	3616	981	1313	147801
*	*	5p	+	52	2218574	1333829	1334671	2303230	7190304	12004	13561	11018	11907	5312	5898	2481	5131	4569	5972	2413	5519	5831	6479	2601	2705	3759	4239	1110	1131	140242
*	*	5p	+	53	2226400	1317702	1342570	2286458	7173130	12893	12653	10773	10767	4155	5642	2454	4931	5014	6341	2116	5449	5676	6560	2672	2487	3670	4193	1105	1090	133144
*	*	5p	+	54	2285418	1326848	1326497	2218791	7157554	13496	12331	12276	10214	4712	6286	2536	5470	4631	6180	2355	5284	7071	4823	2502	2877	4178	3520	1045	1203	125929
*	*	5p	+	55	2230912	1313986	1324424	2270228	7139550	12624	12629	10622	10788	4422	5744	2779	4908	4651	5959	2353	5292	5816	6245	2566	2310	3653	4007	1167	1035	119371
*	*	5p	+	56	2211210	1295975	1316922	2298999	7123106	11863	13094	10973	10961	4312	5748	2548	4731	4507	6072	2335	5055	5317	6588	2585	2242	3410	4152	1054	1113	112957
*	*	5p	+	57	2267830	1302631	1328245	2204235	7102941	13669	11804	12051	10985	4671	6864	3701	5035	4513	5778	2627	5622	6901	4643	2235	2717	3944	3508	948	1212	106733
*	*	5p	+	58	2186062	1313751	1321403	2261166	7082382	11898	13240	11196	11277	4065	5624	2868	5192	4422	5900	2309	5466	5384	6073	2388	2255	3434	3768	949	1045	101038
*	*	5p	+	59	2168020	1306976	1310445	2274890	7060331	12077	12944	10966	11355	3958	5379	2405	5119	4621	5947	2309	6010	5157	6141	2357	2196	3402	4082	957	1132	95486
*	*	5p	+	60	2256813	1293293	1324385	2163134	7037625	14373	11839	12788	9709	4490	6144	2717	5226	4119	5838	2354	5605	6439	4302	2373	2658	4050	3130	889	1228	90212
*	*	5p	+	61	2189003	1303594	1300083	2224050	7016730	12217	12947	11059	10568	3896	5648	2442	5652	4411	5577	2794	5208	5171	6022	2328	2145	3410	3632	1010	1021	84985
*	*	5p	+	62	2172127	1288644	1303277	2227854	6991902	12885	13391	10402	11263	4558	5609	2369	4999	4850	6164	2462	5165	5092	5908	2346	2261	3625	3712	974	953	80106
*	*	5p	+	63	2250494	1277629	1313381	2125467	6966971	15368	11910	12383	9887	4553	6428	2467	5307	4176	5905	2484	5107	6236	4323	2294	2668	3820	3116	884	1157	75422
*	*	5p	+	64	2170187	1286838	1288857	2193374	6939256	12772	13488	11559	11165	4345	5520	2681	5357	4734	6530	2506	5221	5064	5643	2303	2075	3525	3627	933	968	70987
*	*	5p	+	65	2151151	1275117	1282240	2201905	6910413	12743	12795	10976	10729	3749	6458	3112	5272	4447	6207	2345	5215	4807	5911	2249	2088	3515	3733	899	955	66988
*	*	5p	+	66	2234565	1249963	1285442	2111166	6881136	14095	11628	12877	10968	4273	6451	3418	5614	4078	6066	2100	4871	6153	4246	2137	2380	3770	3098	889	1086	63158
*	*	5p	+	67	2156016	1253939	1271009	2169685	6850649	12693	12799	11156	10589	3947	5756	3111	5360	4097	6171	2301	5416	4696	5492	2149	2093	3315	3646	840	1021	59479
*	*	5p	+	68	2136144	1243867	1277958	2160591	6818560	12618	12928	11408	11705	4041	6350	2670	5325	4647	6052	2127	5287	4594	5536	2155	1948	3128	3484	901	987	56055
*	*	5p	+	69	2195680	1233504	1292205	2064817	6786206	15295	11477	12851	10221	4365	6077	2416	5485	4376	5697	2554	5238	5806	3967	1991	2274	3523	3068	829	1035	52987
*	*	5p	+	70	2125397	1231941	1276204	2119203	6752745	13698	13077	10980	10671	4213	5451	2519	5378	4639	6148	2377	5081	4851	5059	2122	2015	3291	3299	948	849	50113
*	*	5p	+	71	2101781	1223390	1266448	2126717	6718336	13625	13001	11003	10913	4667	5553	2703	5672	4681	5809	2096	5546	4424	5353	2108	1863	2932	3333	882	828	47483
*	*	5p	+	72	2153431	1216726	1273418	2038029	6681604	15144	11578	13255	9712	4126	5853	2968	5430	4080	5634	2330	5157	5670	3822	2025	2250	3383	2645	753	967	45051
*	*	5p	+	73	2098885	1210239	1251274	2083428	6643826	13340	12540	11224	10915	3852	5669	3331	5365	4360	5821	2316	5392	4751	4818	2093	1910	2890	3031	869	807	42637
*	*	5p	+	74	2087279	1195313	1246089	2076259	6604940	13210	12692	11485	11173	4311	5812	2753	5461	4245	6106	2262	5252	4569	5055	2022	1841	3018	2937	816	815	40420
*	*	5p	+	75	2142356	1179140	1256947	1986506	6564949	14979	11166	12261	9953	4129	6257	2528	5326	4264	5739	2439	5280	5373	3636	1816	2129	3418	2446	789	914	38276
*	*	5p	+	76	2067997	1176196	1240193	2039356	6523742	13090	11995	11230	10779	3979	5495	2626	5393	4205	5851	2022	5381	4302	4879	1849	1837	2996	2684	795	830	36142
*	*	5p	+	77	2054180	1168549	1218469	2039729	6480927	13362	12347	11027	10339	4077	5623	2191	5018	4295	6001	2318	4967	4068	4789	1862	1789	2892	2658	797	826	34146
*	*	5p	+	78	2113799	1155638	1221173	1946450	6437060	14751	11142	13040	9530	4063	6034	2611	5373	4086	6545	2250	4954	5083	3498	1734	2004	3191	2222	703	931	32120
*	*	5p	+	79	2040221	1154813	1200922	1995967	6391923	12821	12024	10713	10310	4196	5464	2944	5344	4304	5741	2412	5292	4124	4457	1751	1647	2844	2644	757	746	30093
*	*	5p	+	80	2016547	1146180	1196532	1987014	6346273	13135	12318	11289	10346	3790	6081	3103	5450	4170	6299	2138	4838	3679	4502	1779	1726	2786	2548	741	766	28145
*	*	5p	+	81	2060120	1145072	1198598	1894454	6298244	15503	11224	12207	9707	4005	6357	3088	5581	4079	5562	2470	5023	4954	3201	1605	1902	2964	2205	731	840	26200
*	*	5p	+	82	1982787	1138387	1182970	1944582	6248726	13158	11878	11044	10560	4092	5428	2286	4981	3998	5864	2126	5137	3859	4138	1722	1723	2652	2553	724	763	24210
*	*	5p	+	83	1963873	1123403	1156563	1953601	6197440	13193	12082	10976	10615	4016	5606	2069	5186	4144	5776	2305	4778	3814	4417	1739	1586	2654	2466	694	735	22414
*	*	5p	+	84	2019658	1107423	1162786	1854815	6144682	15116	11217	12682	9142	4327	6174	2475	5605	4034	5792	2191	5074	4646	3178	1398	1979	2669	2138	642	919	20664
*	*	5p	+	85	1949816	1094463	1141773	1903299	6089351	13006	12104	10448	10231	4070	5480	2138	5104	4127	5882	1916	4851	3746	4019	1594	1593	2490	2758	669	730	18950
*	*	5p	+	86	1926586	1074962	1139313	1892533	6033394	12488	12168	10222	10183	3734	5417	2102	4736	4414	5705	2448	4611	3288	4315	1588	1606	2272	2307	609	759	17266
*	*	5p	+	87	1965708	1068948	1150017	1790868	5975541	14885	10887	12000	9580	3953	6005	2427	5279	3848	5433	2242	4789	4149	3035	1571	1903	2688	1866	616	813	15643
*	*	5p	+	88	1897690	1055842	1126578	1836837	5916947	12857	11755	10716	10114	3837	5290	2742	5408	3953	5557	1929	4676	3527	3933	1528	1494	2327	2103	695	654	14024
*	*	5p	+	89	1869414	1057760	1106222	1823274	5856670	12455	11559	10019	9782	3644	5271	2882	5165	4009	5818	1999	4592	3233	3871	1574	1550	2309	2153	591	694	12494
*	*	5p	+	90	1917491	1031379	1108699	1738183	5795752	14413	10421	11164	9462	4039	5753	2321	5189	3795	5200	2125	4871	3998	2923	1544	1693	2555	1765	568	749	11004
*	*	5p	+	91	1831362	1020605	1086510	1793561	5732038	12926	11665	10068	9906	3606	5330	1918	4939	3644	5515	1905	4659	3228	3438	1447	1494	2059	1935	645	650	9561
*	*	5p	+	92	1801541	1011754	1074264	1779729	5667288	12982	10927	10570	9866	3443	5314	1963	5084	3981	5535	1839	4597	2973	3446	1512	1347	2056	1870	575	646	8261
*	*	5p	+	93	1849836	993252	1069691	1687546	5600325	14553	9853	11726	8669	3919	5599	1966	4948	3494	5266	1725	4542	3678	2581	1207	1545	2157	1575	463	680	6885
*	*	5p	+	94	1780014	992436	1044362	1714132	5530944	12867	10969	9803	9586	3507	5093	2038	4610	3698	5423	1780	4551	2922	3108	1336	1338	1856	1811	570	615	5668
*	*	5p	+	95	1743433	975522	1037732	1701773	5458460	12500	10700	9699	9618	3657	5141	1869	4801	3640	5334	1909	4580	2694	3142	1344	1264	1787	1766	510	603	4548
*	*	5p	+	96	1787420	956084	1031177	1609974	5384655	14305	9409	11069	8496	3391	5635	2540	4932	3376	5118	2071	4307	3387	2286	1190	1536	1941	1430	430	620	3484
*	*	5p	+	97	1720352	944178	997863	1646672	5309065	12138	10491	9711	9182	3379	5024	2358	4745	3371	5198	1865	4129	2707	2893	1208	1185	1672	1516	526	541	2566
*	*	5p	+	98	1678576	930357	990939	1633090	5232962	12187	10138	9225	9440	3321	4935	2094	4761	3427	5379	1744	4300	2433	2820	1224	1188	1469	1480	460	582	1776
*	*	5p	+	99	1715905	904258	992477	1542444	5155084	13451	9038	10377	8236	3480	5303	1947	4627	3365	5020	1844	4409	2845	2123	994	1345	1708	1296	384	554	1141
*	*	5p	+	100	1634686	905280	963630	1572032	5075628	11900	9880	9299	8142	3186	4907	1812	4653	3319	4906	1653	4429	2342	2495	1129	1130	1424	1314	430	436	580
*	*	5p	-	1	2177524	1660081	1496150	2056760	7390515	13122	37166	18359	23967	7754	8523	3756	5929	7243	8457	5072	6609	0	0	0	0	0	0	0	0	1012997
*	*	5p	-	2	2088843	1375200	1250357	2677551	7391951	11002	26920	12196	13776	5019	8011	2631	4799	5137	6089	3114	6117	0	0	0	0	0	0	0	0	1012895
*	*	5p	-	3	2187140	1433784	1259345	2512240	7392509	12038	22499	13699	12492	5196	5905	2402	4491	4521	4705	2634	5274	0	0	0	0	0	0	0	0	989747
*	*	5p	-	4	2131497	1484112	1276116	2499986	7391711	8575	20093	10717	12819	4214	5134	2247	3678	4045	4162	2667	4827	324	215	288	201	246	331	355	238	958707
*	*	5p	-	5	2214273	1426695	1287828	2463148	7391944	8449	18459	9764	12222	4081	5058	1994	3788	4446	4408	2455	5125	406	390	343	238	344	485	355	250	921200
*	*	5p	-	6	2346874	1478312	1311213	2255811	7392210	16535	21316	21612	19014	6554	8923	3699	7585	6773	8365	9225	7563	643	419	351	354	549	418	385	325	877444
*	*	5p	-	7	2196005	1438996	1280017	2477323	7392341	13306	22444	15556	17032	5478	7999	3026	5737	6470	7260	3144	7040	598	555	384	330	641	599	326	308	854660
*	*	5p	-	8	2204864	1482557	1203466	2501695	7392582	12845	22252	13417	17309	5572	8012	2874	5398	5158	7173	3137	6569	663	632	484	329	622	629	426	265	827067
*	*	5p	-	9	2231563	1465603	1268602	2426297	7392065	14374	20359	15759	15427	6187	9264	2515	5423	5202	6981	2593	6831	1088	851	538	535	939	892	456	500	799458
*	*	5p	-	10	2202015	1439032	1272913	2477981	7391941	12885	19506	14285	16168	5414	8052	2478	5254	5081	6102	2622	6895	1192	1236	737	553	1032	996	754	458	771114
*	*	5p	-	11	2186517	1456099	1264490	2484272	7391378	12186	22327	14184	17817	5838	8437	2670	5932	5721	7202	2628	6756	1227	1354	872	655	1278	1249	769	509	741211
*	*	5p	-	12	2316628	1433821	1297714	2342907	7391070	14967	19667	16493	15696	5956	9046	2904	6105	5300	6872	2934	6935	1422	1417	813	712	1395	1491	604	615	718172
*	*	5p	-	13	2236134	1424314	1271858	2458607	7390913	11835	20131	13197	16353	5165	7403	2379	5370	5064	6370	3106	6563	1449	1529	923	666	1429	1644	669	520	694563
*	*	5p	-	14	2227697	1443339	1275912	2443419	7390367	12144	19805	12569	15606	5248	7497	2581	5535	5422	7388	2995	6856	1515	1812	1054	748	1624	1834	733	625	671667
*	*	5p	-	15	2316274	1428354	1268249	2376863	7389740	13416	18616	14373	15183	5955	8300	2665	5670	4320	6315	2373	6638	1841	1762	1054	890	1916	2007	762	740	649344
*	*	5p	-	16	2237744	1429955	1274902	2446958	7389559	13270	18901	12783	15720	5792	7824	2700	5214	4658	6442	2800	6199	1857	1897	1114	773	1913	2120	830	746	626356
*	*	5p	-	17	2232526	1413199	1273083	2470594	7389402	12034	19848	13285	14899	4887	7136	2558	4985	4819	6560	2634	6296	1764	2079	1059	760	1992	2368	743	674	606782
*	*	5p	-	18	2305846	1408443	1303582	2371262	7389133	14000	17159	14610	13910	5338	7751	2875	5501	4599	6332	3170	6331	2255	1971	932	1006	2219	2182	819	817	587307
*	*	5p	-	19	2218092	1421640	1311149	2438020	7388901	11772	17562	11957	15018	4640	6935	2530	4928	4450	6217	2523	6288	1978	2135	1140	903	2320	2465	798	682	568212
*	*	5p	-	20	2214830	1409536	1325308	2439239	7388913	11726	17496	11632	15913	4623	6567	2424	5012	4789	6197	2444	6850	1957	2027	1059	968	2202	2461	885	705	549494
*	*	5p	-	21	2332975	1398056	1314308	2343355	7388694	13773	16694	13318	14431	5217	6958	2274	5274	4457	5762	2618	5933	2177	1989	1030	1036	2575	2281	745	867	531062
*	*	5p	-	22	2234326	1422521	1310307	2421035	7388189	11528	17249	11318	14750	4333	6221	2535	5052	4431	6150	3780	6323	2118	2243	1292	1006	2520	2827	885	746	513739
*	*	5p	-	23	2246217	1405016	1291968	2445060	7388261	11511	17085	11389	13805	4392	6461	2572	4605	4442	6273	3370	6287	2140	2483	1257	1047	2432	2850	905	726	496355
*	*	5p	-	24	2317100	1402722	1324133	2343994	7387949	13549	15065	16861	12901	4931	7179	2386	5370	4659	5892	3245	6236	2703	2158	1157	1325	2881	2546	869	899	479785
*	*	5p	-	25	2243073	1425352	1283240	2436269	7387934	11187	16675	11815	13816	4572	6299	2274	4725	5935	5882	2853	5702	2608	2729	1507	1137	2564	2948	916	781	463539
*	*	5p	-	26	2245771	1401992	1306649	2428687	7383099	11772	16970	11959	13124	4674	6465	2732	4680	4419	5949	2571	5866	2968	2880	1569	1133	2691	2955	984	843	447235
*	*	5p	-	27	2328833	1409956	1308630	2330386	7377805	14039	15135	17534	11853	4968	6724	2749	5689	4142	6002	3159	6369	3233	2548	1406	1559	3026	2863	870	994	432131
*	*	5p	-	28	2261745	1393256	1301453	2415401	7371855	11885	15686	12519	12577	4408	6064	2566	5469	4310	5965	2467	5487	2820	3351	1671	1321	2934	3126	979	996	416777
*	*	5p	-	29	2259175	1400129	1292833	2413689	7365826	10537	15875	10672	12560	4238	6453	2612	5135	4238	5966	3020	5577	3147	3472	1736	1390	3015	3142	909	807	402239
*	*	5p	-	30	2319964	1401426	1327806	2310121	7359317	13089	14787	12763	12427	5004	6813	3035	5461	5328	5749	3974	6224	3942	3040	1576	1827	3404	2919	977	1014	387733
*	*	5p	-	31	2260376	1396178	1305421	2390788	7352763	11097	15438	11052	13042	4189	6392	2313	5005	4654	5616	2945	5985	3561	3693	1813	1451	3166	3317	1249	880	373473
*	*	5p	-	32	2235815	1396676	1312022	2400604	7345117	10915	16590	11232	12813	4580	5987	2744	5622	4951	6219	2631	5929	3471	4065	1834	1577	3321	3400	1136	971	359684
*	*	5p	-	33	2308965	1391247	1324402	2310107	7334721	13765	14582	12920	11950	4988	6895	2339	5593	3903	6206	3039	6174	4441	3424	1652	1860	3566	3196	1026	1239	345880
*	*	5p	-	34	2253428	1393899	1317853	2362076	7327256	11276	15148	10555	12537	4846	5985	2649	5056	4138	6055	3080	5731	3707	4264	1851	1625	3201	3696	1157	1059	332439
*	*	5p	-	35	2243595	1392669	1295161	2388476	7319901	10400	15563	10444	12802	4310	6067	2420	5202	4561	6136	2322	5590	3799	4457	2043	1623	3296	3437	1133	979	319227
*	*	5p	-	36	2309819	1389793	1331162	2270901	7301675	13433	14814	12852	11189	4837	6997	3103	5747	4003	5609	2781	5494	4887	3639	1828	2095	3773	3362	1070	1116	306631
*	*	5p	-	37	2238228	1385176	1309440	2358418	7291262	11718	14959	10648	13818	4423	5784	2195	5246	4118	5680	2174	5444	4097	4670	2027	1846	3458	3861	1158	954	294299
*	*	5p	-	38	2214462	1394798	1298870	2375345	7283475	10921	15711	11365	13280	4409	5881	2572	5303	4144	5693	3077	5155	4184	4981	2108	1737	3385	3828	1231	937	282529
*	*	5p	-	39	2293721	1387466	1319479	2274586	7275252	13644	13750	12659	11808	4976	6307	3347	5689	3961	5503	2566	5510	5031	3900	2022	2295	3762	3491	1141	1261	270824
*	*	5p	-	40	2225921	1380249	1315511	2345568	7267249	11453	14564	11134	12660	4568	5950	2617	5405	3964	5606	2914	4987	4303	5117	2158	1919	3429	3875	1278	918	259184
*	*	5p	-	41	2223030	1375302	1303305	2356190	7257827	12185	14752	10597	13183	4557	5960	2714	4925	4068	5374	2617	5434	4579	5273	2359	1948	3692	3872	1191	948	247834
*	*	5p	-	42	2300947	1365552	1342231	2241248	7249978	13728	13439	12854	11189	4969	6359	2764	5717	3813	5643	2822	5246	5618	4161	2197	2562	3899	3633	1099	1253	237132
*	*	5p	-	43	2237677	1368228	1315444	2319535	7240884	11502	13365	10386	12642	4507	5482	2706	5462	3911	5626	2501	5933	4804	5446	2296	2081	3492	3907	1179	1035	226337
*	*	5p	-	44	2240641	1363920	1299523	2327426	7231510	11084	14438	10791	12154	4618	5819	2274	5389	4035	5653	2011	5066	4667	5584	2325	1925	3653	3899	1122	937	216075
*	*	5p	-	45	2302492	1357993	1320717	2240052	7221254	13366	16281	12481	12036	5076	6814	2452	5419	3739	5793	2722	5208	5706	4466	2199	2469	4068	3531	1070	1314	206287
*	*	5p	-	46	2191395	1355224	1322524	2340925	7210068	11540	14204	10606	11524	4280	5656	2516	5266	4304	5422	2282	5330	4796	5835	2371	2012	3798	3834	1128	963	196564
*	*	5p	-	47	2202492	1340898	1307089	2348775	7199254	11087	15401	10174	11854	4129	6103	2455	4716	4213	5529	2796	5473	4752	6009	2338	1997	3537	3951	1111	968	187284
*	*	5p	-	48	2276195	1373922	1311856	2224450	7186423	13598	16801	12310	12679	4860	6456	2710	5662	3980	5617	2837	5468	5991	4531	2304	2439	4118	3695	1096	1260	178361
*	*	5p	-	49	2209202	1350868	1308775	2305899	7174744	11873	13799	10446	12206	4468	5725	2609	5900	4067	5506	2560	5543	4868	5997	2476	2004	3556	4126	1201	999	169658
*	*	5p	-	50	2212841	1334289	1304419	2307410	7158959	11556	13682	10209	11120	4826	5847	2425	6009	4133	5460	2373	5244	4974	6018	2399	1975	3810	4111	1199	957	161554
*	*	5p	-	51	2279547	1328445	1320912	2220087	7148991	13518	12620	12261	10836	5503	6346	2799	5180	4381	5465	2647	5679	5900	4723	2235	2562	4082	3557	1016	1227	153596
*	*	5p	-	52	2185693	1347780	1316464	2284761	7134698	11603	13446	10671	12397	4595	5532	2707	5023	4022	5798	2458	4971	4839	5877	2460	2091	3676	4022	1221	974	145753
*	*	5p	-	53	2207048	1316765	1319937	2273900	7117650	12246	13258	10956	10996	4345	5854	2308	5126	3943	5543	1984	5173	4658	6011	2472	2040	3573	3917	1153	1048	138496
*	*	5p	-	54	2262164	1330847	1304429	2204424	7101864	13687	12441	11955	11257	4380	6260	2788	5520	3793	5686	2375	4843	5924	4577	2285	2581	4122	3446	1091	1186	131479
*	*	5p	-	55	2200349	1314470	1305139	2263576	7083534	11768	13017	9941	11177	4073	5757	2719	4871	3818	5413	2555	5024	5023	5868	2487	2017	3700	3952	1108	1086	124770
*	*	5p	-	56	2188761	1292097	1294072	2291733	7066663	11399	12627	10627	11119	4032	5817	2486	5026	4668	5628	2399	4993	4983	6380	2275	2029	3814	4164	1156	1066	118367
*	*	5p	-	57	2247858	1303205	1307565	2188039	7046667	13129	12608	12657	10139	4501	6427	2997	5460	4035	5394	3829	5063	6031	4552	2342	2567	4276	3548	1104	1201	112199
*	*	5p	-	58	2153091	1326898	1298159	2247565	7025713	11849	14223	10273	12539	4066	5561	2810	5712	4063	5288	2466	4887	4956	5985	2469	2196	3917	4035	1120	1230	106358
*	*	5p	-	59	2147310	1305634	1294731	2256631	7004306	11671	13251	10256	11775	3894	5381	2571	4855	3899	5699	2140	5624	4758	6196	2611	2022	3863	4104	1196	1102	100904
*	*	5p	-	60	2238726	1287381	1308232	2147356	6981695	14051	11757	12184	10335	4573	6189	2459	5274	4022	5402	2465	5154	6170	4822	2309	2603	4389	3459	1054	1257	95527
*	*	5p	-	61	2166227	1300316	1279297	2214913	6960753	11934	12547	10031	11134	4313	6073	2490	5482	3950	5612	2457	4806	5030	6077	2527	2039	3909	3908	1133	1050	90242
*	*	5p	-	62	2142091	1285581	1279748	2228668	6936088	12024	13317	10453	11338	4073	5682	2564	5181	3884	5844	2383	5032	4825	6351	2490	2104	3960	3946	1102	1131	85449
*	*	5p	-	63	2227876	1273470	1292646	2117077	6911069	14088	11945	11815	10464	4496	6617	2559	5952	3698	5349	2374	4966	6228	4700	2162	2691	4413	3230	1060	1278	80816
*	*	5p	-	64	2134714	1286552	1265740	2196637	6883643	12263	13171	10170	11747	4175	5880	2260	5790	3803	5615	2645	4718	4910	5982	2621	2104	3850	3949	1082	1057	76314
*	*	5p	-	65	2114827	1276981	1269268	2193841	6854917	12208	13032	9694	11423	3946	6337	2612	5457	3804	5895	2530	5990	5036	6049	2544	2075	3979	3864	1098	1027	72188
*	*	5p	-	66	2210242	1248301	1273209	2093659	6825411	14064	11536	11628	10524	4448	6493	2676	5692	3496	5859	2076	5044	6330	4645	2272	2534	4434	3368	1160	1161	68348
*	*	5p	-	67	2129271	1256422	1245171	2164344	6795208	12112	12439	9872	11721	5294	5927	2745	5411	3766	5888	2605	5005	4939	6011	2394	2112	4180	3897	1096	1001	64565
*	*	5p	-	68	2118484	1246465	1252078	2146482	6763509	12791	12792	9633	11216	4018	6317	2731	5321	3953	5884	2601	5172	4942	6079	2366	2053	3731	3935	1110	1026	60971
*	*	5p	-	69	2174706	1235628	1265219	2055574	6731127	14338	12052	11692	10599	4172	6242	2398	5426	3519	5699	2481	5051	6185	4458	2325	2573	4244	3355	1036	1067	57890
*	*	5p	-	70	2108638	1226223	1245784	2117325	6697970	13462	12987	10583	11273	3812	6149	2321	5605	3799	5458	2506	4874	4971	6025	2246	2126	3788	3747	1140	944	54915
*	*	5p	-	71	2077446	1226346	1241886	2117774	6663452	13294	13080	10084	11605	3730	5538	2316	5715	3938	5688	2198	5058	4862	5843	2427	2091	3554	3740	1090	962	52285
*	*	5p	-	72	2132836	1221343	1249616	2022663	6626458	14960	11639	11406	10142	4349	6059	2500	5622	3536	5706	2298	5143	5901	4443	2228	2418	4086	3098	990	1123	49663
*	*	5p	-	73	2073072	1211969	1231494	2071967	6588502	12992	12309	10390	10771	3673	5781	2644	5615	3881	5963	2389	5319	4791	5709	2363	1941	3534	3638	1096	893	47256
*	*	5p	-	74	2060657	1196003	1225501	2068038	6550199	12600	12624	10097	10982	4028	5940	2395	5280	4367	5857	2649	4982	4656	5720	2423	2017	3550	3396	966	977	44726
*	*	5p	-	75	2133053	1177573	1228206	1971649	6510481	14295	11445	11291	10137	4179	6295	2512	5289	3495	5495	2374	5925	6106	4229	2085	2378	3803	3068	924	1090	42404
*	*	5p	-	76	2040385	1176813	1215796	2036339	6469333	12412	12364	10348	11154	3889	5726	2295	5755	3779	5667	2344	5039	4587	5593	2265	2098	3478	3338	937	958	40103
*	*	5p	-	77	2029574	1159647	1202904	2034853	6426978	12868	12645	10108	10730	3878	5749	2071	5223	3922	5809	2491	5100	4624	5564	2221	1864	3419	3412	905	827	38014
*	*	5p	-	78	2092848	1151009	1194635	1944625	6383117	14531	11327	11718	9950	4151	6448	2291	5613	3740	5442	2350	5011	5502	4349	1984	2222	3847	3014	847	974	35897
*	*	5p	-	79	2012730	1158416	1176259	1990938	6338343	11992	12366	9645	11389	4214	5777	2511	5335	3679	5539	2734	4936	4435	5480	2121	1796	3265	3398	972	828	33718
*	*	5p	-	80	1994665	1140348	1180318	1977322	6292653	12789	12808	10366	10570	3900	5836	2245	5601	3688	5407	2034	4839	4287	5387	2206	1827	3070	3415	916	832	31553
*	*	5p	-	81	2042040	1135068	1179833	1887565	6244506	15027	11919	11144	10131	4117	6564	2410	5467	4109	5432	2697	4960	5263	4008	2025	2096	3363	2915	876	941	29503
*	*	5p	-	82	1959910	1131655	1166227	1938197	6195989	13513	12061	9816	10334	3950	5748	2234	5120	3729	5491	2060	5057	4393	5063	2195	1813	2955	3134	906	839	27529
*	*	5p	-	83	1946205	1116758	1139227	1942595	6144785	12567	12287	9391	10167	4154	5754	2152	5008	4127	5677	1978	4754	4204	5196	2146	1755	3023	3185	827	808	25646
*	*	5p	-	84	1998746	1108293	1140803	1844830	6092672	14208	11785	10583	9280	4355	6411	2258	5477	3598	5621	2202	4931	5386	3852	1838	2073	3355	2632	788	991	23863
*	*	5p	-	85	1922706	1096667	1125991	1892704	6038068	13227	11864	9893	10045	4157	5805	2050	5466	3754	5388	1812	4680	4413	5029	1995	1677	2882	3073	807	893	22139
*	*	5p	-	86	1896710	1078486	1118109	1888296	5981601	12150	12261	9222	10148	4093	5859	1971	4939	3727	5360	2135	4677	4089	4903	2027	1729	3017	2950	802	785	20411
*	*	5p	-	87	1941200	1070581	1133499	1779153	5924433	14070	11948	10461	9366	4078	6430	2225	5346	3541	5167	2195	4959	4944	3780	1706	2090	3098	2770	717	908	18689
*	*	5p	-	88	1874635	1050045	1111597	1829709	5865986	12912	11371	9950	9700	3657	5804	2268	5294	3663	5821	2162	4437	4168	4655	1912	1632	2892	2730	724	792	16979
*	*	5p	-	89	1851109	1049415	1089297	1816493	5806314	12218	11598	9307	9557	3705	5644	2575	5354	3978	5341	1896	4338	3824	4706	1997	1704	2711	2782	717	711	15377
*	*	5p	-	90	1894874	1029722	1088822	1732348	5745766	13636	10459	10592	9231	3920	6135	2246	5172	3569	5226	2197	4708	4818	3543	1656	1991	2868	2384	689	816	13768
*	*	5p	-	91	1804755	1019931	1074105	1783480	5682271	12887	11577	9228	9625	3545	6492	2133	5116	3635	5401	1925	4338	3929	4547	1813	1514	2711	2547	715	771	12123
*	*	5p	-	92	1777807	1004039	1063923	1772556	5618325	12322	11126	9499	9648	3584	5472	1931	4966	4050	5278	1680	4499	3823	4544	1904	1526	2424	2458	737	652	9021
*	*	5p	-	93	1827903	992169	1054040	1677487	5551599	13739	9972	10516	8755	3519	5852	2063	4921	3310	5203	1778	4276	4735	3391	1608	1808	2657	2231	546	797	7577
*	*	5p	-	94	1757058	996217	1023918	1705701	5482894	11945	11475	8845	9193	3679	5284	2094	4980	3333	4884	1667	4127	3919	4279	1735	1506	2254	2322	694	770	6120
*	*	5p	-	95	1717841	982375	1014020	1696239	5410475	11692	11525	8462	9126	3412	5324	1782	4798	3451	4838	1934	4496	3591	4312	1761	1434	2159	2392	571	587	4833
*	*	5p	-	96	1772039	949944	1012575	1602445	5337003	13490	9366	10056	8545	3632	5649	2141	5053	3567	4993	1827	4273	4654	3124	1429	1787	2369	1990	561	761	3685
*	*	5p	-	97	1694332	943548	984404	1639877	5262161	11974	10296	8706	9001	3492	5015	2084	4885	3553	4742	1809	4155	3498	3865	1604	1273	2092	2134	655	613	2687
*	*	5p	-	98	1660762	928393	973997	1623404	5186556	11652	10642	8243	9274	3364	5044	2022	4836	3403	4863	1765	4043	3193	3951	1523	1431	1970	2107	536	563	1847
*	*	5p	-	99	1697046	903225	978382	1530810	5109463	13058	9016	9327	8083	3398	5613	2039	5019	3111	4695	1770	4191	4033	2959	1359	1636	2028	1810	468	645	1188
*	*	5p	-	100	1617332	903047	946906	1563425	5030710	11382	9525	8257	8306	3158	4957	1684	4569	3211	4412	1720	4159	3253	3549	1512	1404	1780	1917	446	544	637
